      1 1024
      1 1234
      1 12345
      1 137
      1 161
      1 1883
      1 195
      1 4000
      1 4022
      1 444
      1 500
      1 5000
      1 5009
      1 5353
      1 5901
      1 6001
      1 636
      1 7001
      1 7171
      1 7777
      1 7779
      1 79
      1 8001
      1 8009
      1 8086
      1 8089
      1 8090
      1 8098
      1 83
      1 8800
      1 8888
      1 9000
      1 9002
      1 9080
      2 1194
      2 2480
      2 3001
      2 3299
      2 3790
      2 4369
      2 5269
      2 5555
      2 5672
      2 5986
      2 6379
      2 6666
      2 8010
      2 9009
      2 9200
      2 9443
      3 3000
      3 389
      3 4430
      3 5432
      3 5985
      3 8081
      3 88
      3 8889
      4 445
      4 4949
      4 5222
      4 82
      5 3389
      5 8000
      5 81
      6 111
      6 5900
      6 8008
      8 179
     13 2222
     14 123
     19 26
     24 20000
     25 10000
     25 8080
     26 8880
     34 8443
     82 3306
     84 2086
     87 2082
     90 2087
     96 25
    106 2083
    109 465
    127 995
    128 993
    130 143
    135 110
    145 587
    163 22
    177 21
    243 53
    800 443
    982 80
